means:0.30849243802067067,0.12221292677732574,0.8478379622298806,2.691450046977764,4.0123877231443733E-4
stds:0.9637759933897014,0.13912616503559952,0.30788664516349157,15.040140638881319,0.001992430608175148
