means:0.3821816102871652,0.28579216079098757,44.1216730130201
stds:0.42572855612524163,0.20636883268363232,59.01337553300076
