means:0.32816149786520266,0.11621275648063414,204.34349365912394
stds:0.41209736112418927,0.15280900822044272,74.92512405872809
