means:0.1246897063155971,25.644257126727087,27.326163718644988
stds:0.23686583380195186,16.86820601149657,18.176349026277222
