means:0.1246897063155971,25.644257126727087,27.326163718644988
stds:0.056105423222693886,284.53637404628904,330.3796639250489
