means:0.3286781051397866,0.11751131934619315,129.70649889764536
stds:0.4049681225969616,0.1524469631808715,60.285767992257824
